
Principal Component Analysis Results

Call:
PCA(X = ., scale.unit = T, quali.sup = c(1, 2), graph = F) 


Eigenvalues
                      Dim.1  Dim.2  Dim.3  Dim.4
Variance               2.81   0.59   0.44   0.15
% of var.             70.19  14.84  11.11   3.85
Cumulative % of var.  70.19  85.04  96.15 100.00

Individuals
             Dist   Dim.1   ctr  cos2   Dim.2   ctr  cos2   Dim.3   ctr  cos2  
1         |  2.91 | -2.87 19.57  0.97 |  0.31  1.11  0.01 | -0.23  0.81  0.01 |
2         |  0.88 | -0.67  1.06  0.58 | -0.06  0.05  0.01 |  0.56  4.76  0.41 |
3         |  1.07 |  0.72  1.24  0.46 |  0.51  2.93  0.23 |  0.58  5.13  0.30 |
4         |  1.52 |  1.26  3.80  0.69 | -0.47  2.52  0.10 | -0.61  5.57  0.16 |
5         |  0.88 |  0.81  1.56  0.85 | -0.02  0.00  0.00 |  0.24  0.88  0.08 |
6         |  2.64 | -2.58 15.83  0.96 |  0.00  0.00  0.00 | -0.18  0.47  0.00 |
7         |  1.55 |  1.00  2.36  0.42 |  1.02 11.61  0.43 |  0.54  4.38  0.12 |
8         |  1.00 |  0.28  0.19  0.08 |  0.75  6.38  0.56 |  0.60  5.31  0.35 |
9         |  2.47 |  2.08 10.23  0.71 | -1.11 13.81  0.20 | -0.23  0.82  0.01 |
10        |  1.57 |  1.53  5.56  0.95 |  0.21  0.50  0.02 |  0.27  1.07  0.03 |
11        |  3.66 | -3.60 30.71  0.97 |  0.12  0.17  0.00 | -0.31  1.45  0.01 |
12        |  1.10 |  0.10  0.03  0.01 | -0.13  0.20  0.01 |  0.95 13.56  0.75 |
13        |  2.31 | -0.43  0.44  0.03 | -2.19 53.96  0.90 |  0.23  0.81  0.01 |
14        |  1.83 |  1.59  6.02  0.76 |  0.67  5.01  0.13 | -0.59  5.25  0.10 |
15        |  2.09 |  0.77  1.40  0.13 |  0.39  1.74  0.04 | -1.82 49.74  0.76 |

Variables
            Dim.1   ctr  cos2   Dim.2   ctr  cos2   Dim.3   ctr  cos2  
grp       |  0.75 19.94  0.56 |  0.59 58.83  0.35 |  0.30 20.02  0.09 |
mgt       | -0.89 28.32  0.80 |  0.05  0.51  0.00 |  0.38 31.73  0.14 |
syn       |  0.77 21.04  0.59 | -0.49 40.61  0.24 |  0.41 37.56  0.17 |
gv        |  0.93 30.70  0.86 | -0.02  0.05  0.00 | -0.22 10.69  0.05 |

Supplementary categories
             Dist   Dim.1  cos2 v.test   Dim.2  cos2 v.test   Dim.3  cos2
Amysub    |  0.29 | -0.15  0.27  -0.23 |  0.05  0.03   0.18 |  0.11  0.14
Rizoplant |  0.53 |  0.46  0.75   0.73 |  0.17  0.11   0.60 |  0.20  0.14
Trichops  |  0.54 | -0.31  0.33  -0.49 | -0.23  0.18  -0.78 | -0.31  0.33
-0.8      |  3.03 | -3.02  0.99  -3.37 |  0.15  0.00   0.35 | -0.24  0.01
-0.6      |  0.79 |  0.14  0.03   0.16 |  0.27  0.12   0.66 |  0.68  0.76
-0.4      |  0.61 |  0.19  0.10   0.21 | -0.31  0.26  -0.75 |  0.47  0.60
-0.2      |  1.77 |  1.64  0.86   1.84 | -0.30  0.03  -0.74 | -0.48  0.07
0         |  1.15 |  1.04  0.82   1.16 |  0.20  0.03   0.47 | -0.44  0.15
          v.test  
Amysub      0.44 |
Rizoplant   0.79 |
Trichops   -1.22 |
-0.8       -0.67 |
-0.6        1.92 |
-0.4        1.32 |
-0.2       -1.34 |
0          -1.23 |

Correlations between variables and dimensions
NULL

Contributions of the variables
NULL
